+19195228600 
+18595761775 
+18324579053 
+19055124910 
+19174958620 
+19043092051 
+18056241938 
+18586924184 
+18645047676 
+17634585952 
+18328051769 
+18322967118 
+18589220695 
+17575036996 
+18326553764 
+18329287383 
+18433302650 
+19194752914 
+19255036273 
+17873224026 
+19037162160 
+19012682342 
+19145520186 
+19162234436 
+17148011901 
+18038019394 
+18434470969 
+19032034884 
+16034939470 
+19177424994 
+18184383538 
+18477670254 
+19198899025 
+19044225699 
+18437423191 
+18457987854 
+18323261045 
+19134497830 
+17183008694 
+19177744450 
+18324935154 
+18583343608 
+18324899262 
+18704034270 
+18179952691 
+18435047889 
+17323300765 
+19095411780 
+19169104215 
+18034879559 
+19053242275 
+18047258863