+4917214060936
+4917483145070
+4915778635635
+4917330497201
+4917061809268
+4917526927884
+4917274007892
+4917126511607
+4917345541746
+4917200791731
+4917451589210
+4915674151116
+4917924687558
+4917599513647
+4916033735512
+4917206197922
+4917500797165
+4917146232016
+4916385223277
+4915170781390
+4917362297561
+4917902539043
+4917599586866
+4917315218670
+4917309068596
+4915673235991
+4917656698813
+4915024319019
+4917715386519
+4917297807330
+4916391853626
+4915675501329
+4917100704387
+4917056706050
+4916291506443
+4915883879019
+4917508763120
+4917952497514
+4917236662031
+4917391572309
+4917708460606
+4917368717451
+4917657422335
+4917675459094
+4915147395086
+4917664042383
+4915671951295
+4917485341995
+4917989201362
+4916319138047
+4917046712914
+4917670005434
+4917332003428
+4917143916119
+4916013559462
+4917490239499
+4917716672729
+4917039959570
+4917857027871
+4917025267470
+4917239243976
+4915679157949
+4917989912594
+4917343799548
+4917064384627
+4916038357430
+4917627134522
+4917043917913
+4917790237687
+4916351121872
+4917607096399
+4915088757981
+4917603539827
+4915206910285
+4915552128762
+4917972090394
+4917872047872
+4917495645840
+4916395034170
+4915125209329
+4917521751211
+4917404985279
+4917278587736
+4917563992661
+4917765957223
+4917007764083
+4916203719171
+4917070281748
+4917425325142
+4917926138814
+4917994567906
+4917485630007
+4915882494803
+4917873687658
+4915204947484
+4917478348758
+4917235486864
+4916389538646
+4916251394707
+4916006782289
+4917878262030
+4917616361024
+4917933596609
+4917143323232
+4917941608593
+4917642011680
+4917826452410
+4917866442559
+4917916937516
+4917554694493
+4917384741408
+4917418896504
+4917253233950
+4916008588501
+4917572170051
+4917142854364
+4917783969647
+4917160472345
+4917178536640
+4917441356620
+4917271322899
+4917929626437
+4917707540842
+4917950668913
+4915125521259
+4917977583242
+4917276454621
+4917300552104
+4916382412557
+4917858109943
+4917917191988
+4917633613350
+4917952948335
+4916065002422
+4917126456820
+4916006637890
+4917124217155
+4917870572638
+4917216832819
+4917445833325
+4917340122421
+4917668927701
+4915290110586
+4917731892631
+4916077490709
+4917467712244
+4917532234677
+4915269671174
+4915773880291
+4917666442015
+4917544907378
+4917542894998
+4916290972932
+4917695198133
+4916077804679
+4916286481082
+4917652255370
+4917628801654
+4917508259897
+4917570957656
+4915290149077
+4917577615333
+4917777209386
+4917061358131
+4916021117818
+4917603776489
+4917801987617
+4916258361014
+4916074298621
+4917220201302
+4917620102907
+4917315022387
+4916258516481
+4915755755880
+4916267982060
+4917907908455
+4917022979863
+4915201245589
+4915706674047
+4916060452075
+4917515230705
+4917356944395
+4917754718479
+4917414868827
+4917373994111
+4917482564862
+4917891053967
+4917150260824
+4917997023934
+4917152741609
+4917739060008
+4916392336328
+4917362846044
+4917063637794
+4917471777208
+4916299429855
+4917732048057
+4917895637722
+4917550623112
+4915206724551
+4917141697032
+4917127328999
+4917775659653
+4916287378760
+4917213847436
+4916205430658
+4917182342825
+4917291540433
+4917526386197
+4917058171635
+4917797475284
+4917181048001
+4917211119738
+4917162099365
+4917997639845
+4915148528490
+4916383518526
+4917443361631
+4917509540314
+4917218139622
+4917044673624
+4917134490393
+4916383352807
+4917817827880
+4916259420951
+4917387222403
+4917399516798
+4916003800909
+4916315546696
+4915887143720
+4917792499405
+4916266261312
+4916322655177
+4917752896972
+4917840842051
+4915176561353
+4916009612635
+4916095123947
+4917715051682
+4917115367598
+4917561956760
+4917746552543
+4916340469471
+4917581427782
+4917101368264
+4917741427942
+4917834040422
+4917400004793
+4916273484777
+4917349205450
+4917922586683
+4915787495519
+4917375331101
+4917638345426
+4917541130199
+4915755137838
+4917351598222
+4916328629972
+4917914044929
+4917664017805
+4915771302425
+4917430329095
+4917307040336
+4917972881558
+4916328353944
+4917876327307
+4917626968956
+4916042402613
+4917702446211
+4917343647683
+4917121952057
+4917106336438
+4915889154321
+4917484967703
+4917127573573
+4917427903815
+4917851676371
+4915238143547
+4917104686025
+4917417056012
+4917505070206
+4915797662260
+4917421530678
+4917463784352
+4917298866176
+4915202374637
+4917745224007
+4915172776949
+4917121499744
+4917398830145
+4917756644631
+4917268476187
+4917141776444
+4917767123130
+4916372626200
+4915678803437
+4917780402881
+4915200222222
+4915269930457
+4917450789737
+4915882578197
+4917901512031
+4917668778089
+4915635404414
+4917128768581
+4917726914113
+4916304240180
+4917483233516
+4917713062270
+4916010629678
+4917173588344
+4917692341339
+4917181913065
+4917005762475
+4916080737587
+4917216487258
+4917021804294
+4917226961962
+4917834424461
+4917240712378
+4917973050296
+4917862587735
+4917828585287
+4917857227327
+4917714640674
+4916211633173
+4917506418935
+4917813786287
+4917663377644
+4917124722716
+4916039310560
+4917456082336
+4917744718219
+4917644294153
+4917906300328
+4915673857610
+4917056247531
+4917615508714
+4915789142428
+4916327505209
+4917362345973
+4915677814758
+4917558351097
+4915557502949
+4916392658366
+4916330398647
+4917777900683
+4916217532717
+4917696708500
+4917261108861
+4917213539294
+4915753654506
+4917589163354
+4915028298968
+4917507000496
+4917288492911
+4916394770117
+4917456166744
+4917088282125
+4917021787544
+4916308651087
+4915704218194
+4917131922114
+4915239638627
+4916242350221
+4917712692630
+4916334420680
+4916304750863
+4917088878933
+4915781843840
+4915781542845
+4917037499281
+4917017781169
+4916303938035
+4917202067444
+4915140603693
+4916290538422
+4915120546901
+4917193715967
+4916371365441
+4915905975978
+4917546294789
+4915084796164
+4917932468535
+4917771515916
+4916076482909
+4917400848282
+4917769400769
+4917160731024
+4915706791590
+4917465782079
+4917156260109
+4917541889327
+4917257883147
+4917037416340
+4915208919196
+4916335841293
+4917914019846
+4915554344639
+4916310743338
+4915206207866
+4915794227183
+4917445954302
+4916366563780
+4917211699082
+4917336396380
+4917204211319
+4916307362442
+4917166194979
+4916234680292
+4916072710908
+4917261004991
+4917790823255
+4917529474227
+4917662496048
+4915770866720
+4916055342033
+4917061049167
+4917994755612
+4917323656022
+4917860861889
+4917891074533
+4916218609348
+4917426166511
+4917383185703
+4915907673890
+4917943767832
+4917059366360
+4916342058267
+4916343459202
+4917310133698
+4917033076483
+4917918719885
+4917188213019
+4917599435064
+4917112125210
+4915771906940
+4916044576404
+4917495207964
+4917660807374
+4917229670221
+4915127599984
+4917554012954
+4917862592320
+4917182482439
+4917049720511
+4917919213268
+4917325202676
+4916077385226
+4917248606252
+4916062057610
+4917648453252
+4916363256930
+4917186817380
+4917731659423
+4917885246212
+4917384826858
+4917877467595
+4916007981824
+4917722213837
+4917967986837
+4917107350722
+4916217352762
+4916357317158
+4917556246480
+4916225528021
+4916311949073
+4916053091959
+4915782470457
+4917208564979
+4916373978088
+4917353629567
+4916341789112
+4917469100558
+4915737123494
+4917786558487
+4917670386551
+4917009821629
+4917994287207
+4917852272994
+4917415509192
+4917890903091
+4916018164726
+4915143390248
+4916357581609
+4917225274609
+4917899372187
+4915639554454
+4917789817745
+4917590205330
+4916398473674
+4915142933394
+4917390628215
+4916091464161
+4917250709158
+4916062074869
+4917318590961
+4916207778978
+4917830847692
+4917752831229
+4916303559650
+4917183855484
+4915556639868
+4917649208674
+4916072774956
+4917700123365
+4917317503730
+4916090485318
+4917697029519
+4915235938875
+4917347561391
+4917920800402
+4915265238511
+4917419554517
+4917729412199
+4917420431374
+4915266670170
+4917386756060
+4917266404280
+4917697150458
+4917028567784
+4917931287170
+4916002232642
+4917019864211
+4917980874336
+4917557228726
+4917223171683
+4916363306693
+4917471185743
+4915023863558
+4917365774319
+4917061634365
+4916368535456
+4917168976884
+4917769506693
+4916057398341
+4917013799728
+4917534318204
+4917323062275
+4916226515375
+4915145020922
+4917482295731
+4917070289600
+4917328040632
+4915786867863
+4917333521139
+4917706003808
+4916016828665
+4917135691825
+4917804844195
+4917797751197
+4915264061058
+4916256149843
+4917703538026
+4917253960084
+4917247730791
+4916079486491
+4917587710830
+4916226336431
+4917225400648
+4917476150697
+4915140598358
+4915171008112
+4916306748160
+4917558659542
+4917533151939
+4916257321540
+4917367661763
+4917578592973
+4917574873966
+4917359027552
+4915269364952
+4916303811885
+4916359682395
+4916221731534
+4917680258841
+4916377078466
+4917986904161
+4915788322548
+4915703774054
+4917088701905
+4917137198497
+4917595828896
+4916363150958
+4917402831599
+4917882681892
+4917096824031
+4917282584020
+4917665665721
+4917185994730
+4917923824037
+4917960126241
+4917676768717
+4915084786354
+4917771525422
+4917479627300
+4917564252801
+4917965783744
+4916313274908
+4917888352067
+4915123395320
+4915089290588
+4917157381594
+4917413986539
+4916015236742
+4917783672015
+4917739606439
+4917989818346
+4917697931799
+4915113583537
+4917305268907
+4915298503043
+4916207894070
+4915147845989
+4915124840714
+4916057029681
+4917353915023
+4917279274798
+4916282004651
+4917868900542
+4916098358672
+4916046711939
+4917150945525
+4916085196142
+4917436353865
+4917706828235
+4917278508853
+4917305629314
+4916247052240
+4917557487529
+4917525451562
+4917935501734
+4916234052322
+4917636167454
+4917501944847
+4917342951098
+4916008843642
+4916239664790
+4917084116271
+4915050120570
+4917360024319
+4917840740585
+4917741287453
+4916213439470
+4917099807095
+4917689182240
+4916284402788
+4917017997158
+4915170227828
+4917629044164
+4917170524446
+4915054043338
+4915239318848
+4917457058618
+4917931266040
+4917776502521
+4917275899964
+4917839407029
+4917730413446
+4917525379483
+4917266309697
+4917309108245
+4916307097102
+4916094485705
+4917407219615
+4917573897455
+4916072511798
+4917255868460
+4915732653847
+4917173924131
+4917433229974
+4916081632061
+4915174597229
+4915775882695
+4917829966250
+4917908759197
+4917889006306
+4917171405793
+4915907558239
+4915553029441
+4917383612592
+4917676860686
+4917104881572
+4915887277686
+4917592843351
+4917097976159
+4916211398169
+4917610655947
+4917128728731
+4917885215926
+4915777778214
+4917138515663
+4917004910451
+4916241290647
+4917103611082
+4917296771877
+4917454579621
+4917393373669
+4916029951021
+4917222519511
+4917111509548
+4917755048226
+4917568430681
+4916043968237
+4915900990804
+4917992478847
+4916385615947
+4916386817273
+4916309202119
+4915147770873
+4917491536267
+4915125584907
+4915634645196
+4917675630632
+4917886384773
+4915797082003
+4915058052704
+4917326148040
+4915677512734
+4917186517691
+4915059291975
+4917796468376
+4917518900694
+4916063756008
+4917803515183
+4917743516999
+4916208878456
+4916389103347
+4917955348742
+4917499114038
+4917327593823
+4915905276669
+4917141857127
+4915236791566
+4916339471843
+4917041826987
+4915054626162
+4917846972998
+4917399920643
+4917647111421
+4917096465629
+4917383454456
+4915556191525
+4916292323512
+4917615974639
+4917008870802
+4917392872952
+4916242843130
+4915080388431
+4916009988595
+4915235957003
+4916387263590
+4917701534054
+4917571020800
+4916265812598
+4917853361330
+4917994328090
+4917856560574
+4917881540728
+4915881983871
+4917132611150
+4917436056734
+4916344148115
+4917121949424
+4915057695644
+4917614349783
+4917528040325
+4917886122466
+4916261507367
+4917195602940
+4915112808483
+4916337132256
+4916312142004
+4917815674788
+4917878369434
+4917070781493
+4917178422582
+4916371761889
+4916327746089
+4917699640950
+4917831994380
+4917538211285
+4917150464037
+4917947039457
+4917604278736
+4917524564208
+4917095950135
+4917090727375
+4917897677514
+4915901342445
+4917108112236
+4917369967859
+4917348256757
+4916240967101
+4917600013458
+4917709630054
+4916226895566
+4915730246519
+4917098675756
+4917908378584
+4916342893345
+4917007514042
+4917532816624
+4916394089490
+4917339581519
+4916366299744
+4917036396616
+4917068871044
+4917015367287
+4917047504269
+4917198759094
+4915704159243
+4917818578999
+4917748759542
+4917900641375
+4917074038600
+4917602190882
+4917541348855
+4917165497690
+4915128998480
+4917556971099
+4917977944758
+4917843129567
+4917949176627
+4916342483649
+4916079938718
+4917130705696
+4917806745775
+4917298045270
+4917472142330
+4917982968402
+4917829680684
+4917506630178
+4917286710646
+4917819763881
+4915551031113
+4915756784906
+4917230657639
+4917059953797
+4915083475002
+4915770774110
+4917026715314
+4916243964598
+4917266461913
+4917777427923
+4917055176834
+4916017041958
+4917677586494
+4917581198019
+4917163674337
+4917687455368
+4917487565846
+4915023291069
+4917531738640
+4916316268009
+4915905038946
+4917330859074
+4917741107124
+4917426641780
+4917199290028
+4917082667534
+4917929421118
+4916386043878
+4917781892803
+4917506939907
+4917198363179
+4916010234688
+4915634661818
+4915907202096
+4915115316899
+4916293051729
+4917681955891
+4917181848358
+4915021927590
+4917880916202
+4917669377227
+4916319639192
+4915885413951
+4917164773548
+4917773272125
+4915295578954
+4917743950165
+4917801114304
+4917158081747
+4917135230442
+4916074593044
+4916354255333
+4917159860731
+4916021694596
+4917312548758
+4917091789921
+4915636314921
+4917046529845
+4916087605739
+4917333559054
+4917389674120
+4915886925546
+4917599615385
+4915638306408
+4915797697344
+4916092318152
+4916067204483
+4915052437262
+4916353663992
+4917564288590
+4916290484547
+4917584138400
+4915754507369
+4916024828704
+4917168825123
+4917972155022
+4916310708707
+4917993958342
+4917084383747
+4917227641210
+4917540839525
+4917002872184
+4917657956339
+4915777248852
+4915084630175
+4917176167308
+4917086309539
+4917532697503
+4917496715571
+4915782710967
+4917381378864
+4917695838977
+4917596384335
+4917047724396
+4915118515186
+4915737800222
+4917431958376
+4917282140781
+4917039261457
+4917255904981
+4917570613560
+4916234880001
+4916251584955
+4917208552891
+4917410761875
+4917639345775
+4916076898001
+4917296202448
+4917573933248
+4917989013084
+4917795125389
+4915901601684
+4916274236631
+4917048170276
+4915239183284
+4917636909319
+4917287842507
+4915269487822
+4916033181546
+4917821595428
+4917569072369
+4917916886224
+4917040966960
+4917075706943
+4915112987657
+4915144941948
+4915675061630
+4915086099337
+4917040004176
+4916370871005
+4915263051095
+4917592851080
+4915885294859
+4917413368155
+4917253305939
+4916006382117
+4917934332763
+4917811399712
+4917555861655
+4917336161326
+4917727594192
+4917728796242
+4917765790102
+4916096562794
+4917394214228
+4915178085801
+4917458822237
+4916345054363
+4917296661130
+4917547638676
+4916276228229
+4916080890566
+4917440073070
+4917895684761
+4917625107168
+4917196517275
+4917459389583
+4917489138531
+4917915986266
+4917354268900
+4917466273804
+4915634944906
+4917762999505
+4917096317112
+4917985053293